0 1 861
0 3 2659
0 2 2699
0 5 1063
0 6 1103
0 4 2901
861 4 0
861 1 901
861 2 2461
861 3 2699
861 5 1103
861 6 1143
901 4 861
901 1 941
901 3 2461
901 6 2500
901 2 2501
901 5 1143
941 4 901
941 1 981
941 5 2500
941 3 2501
941 6 2540
941 2 2541
942 1 982
942 5 2501
942 6 2541
942 4 1180
942 3 2780
942 2 2820
980 1 1020
980 3 2540
980 2 2580
980 5 1222
980 6 1262
980 4 2782
981 4 941
981 1 1021
981 5 2540
981 3 2541
981 6 2580
981 2 2581
982 4 942
982 1 1022
982 5 2541
982 6 2581
982 2 2582
982 3 2820
1020 4 980
1020 1 1060
1020 3 2580
1020 6 2619
1020 2 2620
1020 5 1262
1021 4 981
1021 1 1061
1021 5 2580
1021 3 2581
1021 6 2620
1021 2 2621
1022 4 982
1022 1 1062
1022 5 2581
1022 3 2582
1022 6 2621
1022 2 2622
1060 4 1020
1060 1 1100
1060 5 2619
1060 3 2620
1060 6 2659
1060 2 2660
1061 4 1021
1061 1 1101
1061 5 2620
1061 3 2621
1061 6 2660
1061 2 2661
1062 4 1022
1062 1 1102
1062 5 2621
1062 3 2622
1062 6 2661
1062 2 2662
1063 1 1103
1063 5 2622
1063 6 2662
1063 4 1301
1063 3 2901
1063 2 0
1100 4 1060
1100 1 1140
1100 5 2659
1100 3 2660
1100 6 2699
1100 2 2700
1101 4 1061
1101 1 1141
1101 5 2660
1101 3 2661
1101 6 2700
1101 2 2701
1102 4 1062
1102 1 1142
1102 5 2661
1102 3 2662
1102 6 2701
1102 2 2702
1103 4 1063
1103 1 1143
1103 5 2662
1103 6 2702
1103 3 0
1103 2 861
1140 4 1100
1140 1 1180
1140 5 2699
1140 3 2700
1140 2 2740
1140 6 2461
1141 4 1101
1141 1 1181
1141 5 2700
1141 3 2701
1141 6 2740
1141 2 2741
1142 4 1102
1142 1 1182
1142 5 2701
1142 3 2702
1142 6 2741
1142 2 2742
1143 4 1103
1143 5 2702
1143 6 2742
1143 3 861
1143 2 901
1143 1 2500
1180 4 1140
1180 3 2740
1180 2 2780
1180 1 942
1180 5 2461
1180 6 2501
1181 4 1141
1181 1 1221
1181 5 2740
1181 3 2741
1181 6 2780
1181 2 2781
1182 4 1142
1182 1 1222
1182 5 2741
1182 3 2742
1182 6 2781
1182 2 2782
1221 4 1181
1221 1 1261
1221 5 2780
1221 3 2781
1221 6 2820
1221 2 2821
1222 4 1182
1222 1 1262
1222 5 2781
1222 3 2782
1222 6 2821
1222 2 980
1261 4 1221
1261 1 1301
1261 5 2820
1261 3 2821
1261 2 2861
1261 6 2582
1262 4 1222
1262 5 2821
1262 6 2861
1262 3 980
1262 2 1020
1262 1 2619
1301 4 1261
1301 3 2861
1301 2 2901
1301 1 1063
1301 5 2582
1301 6 2622
2461 5 861
2461 6 901
2461 1 2501
2461 3 1140
2461 2 1180
2461 4 2699
2500 3 901
2500 2 941
2500 1 2540
2500 4 1143
2500 5 2742
2500 6 2782
2501 5 901
2501 6 941
2501 2 942
2501 4 2461
2501 1 2541
2501 3 1180
2540 3 941
2540 6 980
2540 2 981
2540 4 2500
2540 1 2580
2540 5 2782
2541 5 941
2541 3 942
2541 6 981
2541 2 982
2541 4 2501
2541 1 2581
2580 5 980
2580 3 981
2580 6 1020
2580 2 1021
2580 4 2540
2580 1 2620
2581 5 981
2581 3 982
2581 6 1021
2581 2 1022
2581 4 2541
2581 1 2621
2582 5 982
2582 6 1022
2582 1 2622
2582 3 1261
2582 2 1301
2582 4 2820
2619 3 1020
2619 2 1060
2619 1 2659
2619 4 1262
2619 5 2861
2619 6 2901
2620 5 1020
2620 3 1021
2620 6 1060
2620 2 1061
2620 4 2580
2620 1 2660
2621 5 1021
2621 3 1022
2621 6 1061
2621 2 1062
2621 4 2581
2621 1 2661
2622 5 1022
2622 6 1062
2622 2 1063
2622 4 2582
2622 1 2662
2622 3 1301
2659 3 1060
2659 2 1100
2659 4 2619
2659 1 2699
2659 5 2901
2659 6 0
2660 5 1060
2660 3 1061
2660 6 1100
2660 2 1101
2660 4 2620
2660 1 2700
2661 5 1061
2661 3 1062
2661 6 1101
2661 2 1102
2661 4 2621
2661 1 2701
2662 5 1062
2662 3 1063
2662 6 1102
2662 2 1103
2662 4 2622
2662 1 2702
2699 3 1100
2699 2 1140
2699 4 2659
2699 5 0
2699 6 861
2699 1 2461
2700 5 1100
2700 3 1101
2700 6 1140
2700 2 1141
2700 4 2660
2700 1 2740
2701 5 1101
2701 3 1102
2701 6 1141
2701 2 1142
2701 4 2661
2701 1 2741
2702 5 1102
2702 3 1103
2702 6 1142
2702 2 1143
2702 4 2662
2702 1 2742
2740 5 1140
2740 3 1141
2740 6 1180
2740 2 1181
2740 4 2700
2740 1 2780
2741 5 1141
2741 3 1142
2741 6 1181
2741 2 1182
2741 4 2701
2741 1 2781
2742 5 1142
2742 3 1143
2742 6 1182
2742 4 2702
2742 1 2782
2742 2 2500
2780 5 1180
2780 3 1181
2780 2 1221
2780 4 2740
2780 1 2820
2780 6 942
2781 5 1181
2781 3 1182
2781 6 1221
2781 2 1222
2781 4 2741
2781 1 2821
2782 5 1182
2782 6 1222
2782 4 2742
2782 1 980
2782 3 2500
2782 2 2540
2820 3 1221
2820 2 1261
2820 4 2780
2820 5 942
2820 6 982
2820 1 2582
2821 5 1221
2821 3 1222
2821 6 1261
2821 2 1262
2821 4 2781
2821 1 2861
2861 5 1261
2861 3 1262
2861 6 1301
2861 4 2821
2861 1 2901
2861 2 2619
2901 5 1301
2901 4 2861
2901 6 1063
2901 3 2619
2901 2 2659
2901 1 0
